0 20 33 13 3 9 10
20 0 28 29 17 25 26
33 28 0 28 36 24 23
13 29 28 0 16 4 5
3 17 36 16 0 12 13
9 25 24 4 12 0 1
10 26 23 5 13 1 0